6.76428 -0.94750
6.97936 -0.97051
7.14459 -0.97893
7.26220 -0.98025
7.36013 -0.97848
7.44648 -0.97481
7.52497 -0.96978
7.59767 -0.96371
7.66587 -0.95678
7.73043 -0.94915
7.79199 -0.94089
7.85100 -0.93209
7.90781 -0.92280
7.96270 -0.91306
8.01589 -0.90292
8.06755 -0.89241
8.11785 -0.88154
8.16690 -0.87034
8.21481 -0.85884
8.26168 -0.84704
8.30759 -0.83496
8.35260 -0.82261
8.39677 -0.81001
8.44016 -0.79716
8.48281 -0.78407
8.52478 -0.77076
8.56609 -0.75723
8.60678 -0.74348
8.64688 -0.72952
8.68642 -0.71537
8.72543 -0.70101
8.76393 -0.68647
8.80194 -0.67173
8.83948 -0.65682
8.87657 -0.64173
8.91323 -0.62646
8.94946 -0.61102
8.98529 -0.59542
9.02073 -0.57965
9.05580 -0.56372
9.09049 -0.54763
9.12483 -0.53138
9.15883 -0.51498
9.19249 -0.49844
9.22582 -0.48174
9.25883 -0.46490
9.29154 -0.44791
9.32394 -0.43078
9.35604 -0.41352
9.38785 -0.39611
9.41938 -0.37857
9.45064 -0.36090
9.48162 -0.34309
9.51233 -0.32515
9.54278 -0.30709
9.57298 -0.28889
9.60292 -0.27058
9.63262 -0.25213
9.66207 -0.23357
9.69128 -0.21488
9.72026 -0.19607
9.74900 -0.17715
9.77752 -0.15811
9.80581 -0.13895
9.83387 -0.11967
9.86172 -0.10029
9.88935 -0.08079
9.91676 -0.06118
9.94397 -0.04146
9.97096 -0.02163
9.99775 -0.00169
10.02433 0.01835
10.05071 0.03850
10.07689 0.05876
10.10287 0.07912
10.12865 0.09958
10.15424 0.12014
10.17964 0.14080
10.20484 0.16157
10.22986 0.18243
10.25469 0.20339
10.27933 0.22444
10.30379 0.24560
10.32806 0.26684
10.35215 0.28819
10.37607 0.30962
10.39980 0.33115
10.42335 0.35277
10.44673 0.37448
10.46993 0.39628
10.49295 0.41817
10.51580 0.44014
10.53848 0.46221
10.56098 0.48436
10.58332 0.50660
10.60548 0.52892
10.62748 0.55133
10.64931 0.57382
10.67097 0.59639
10.69246 0.61905
10.71379 0.64178
10.73495 0.66460
10.75594 0.68750
10.77678 0.71047
10.79745 0.73353
10.81796 0.75666
10.83830 0.77987
10.85849 0.80315
10.87851 0.82651
10.89837 0.84995
10.91808 0.87346
10.93762 0.89704
10.95701 0.92069
10.97624 0.94442
10.99531 0.96822
11.01422 0.99209
11.03298 1.01603
11.05158 1.04003
11.07002 1.06411
11.08831 1.08825
11.10644 1.11247
11.12442 1.13674
11.14225 1.16109
11.15992 1.18549
11.17744 1.20997
11.19480 1.23450
11.21201 1.25910
11.22907 1.28377
11.24598 1.30849
11.26274 1.33328
11.27934 1.35812
11.29579 1.38303
11.31209 1.40799
11.32824 1.43302
11.34424 1.45810
11.36009 1.48324
11.37579 1.50843
11.39134 1.53368
11.40674 1.55899
11.42199 1.58435
11.43709 1.60977
11.45204 1.63523
11.46685 1.66076
11.48150 1.68633
11.49601 1.71196
11.51037 1.73763
11.52458 1.76336
11.53864 1.78914
11.55256 1.81496
11.56633 1.84084
11.57995 1.86676
11.59342 1.89273
11.60675 1.91874
11.61993 1.94480
11.63296 1.97091
11.64585 1.99706
11.65859 2.02326
11.67118 2.04950
11.68363 2.07578
11.69593 2.10211
11.70809 2.12847
11.72010 2.15488
11.73196 2.18133
11.74368 2.20781
11.75526 2.23434
11.76669 2.26091
11.77797 2.28751
11.78911 2.31415
11.80010 2.34083
11.81095 2.36754
11.82166 2.39429
11.83222 2.42107
11.84263 2.44789
11.85290 2.47474
11.86303 2.50163
11.87301 2.52855
11.88285 2.55550
11.89255 2.58248
11.90210 2.60949
11.91151 2.63653
11.92077 2.66360
11.92989 2.69070
11.93887 2.71783
11.94770 2.74499
11.95639 2.77217
11.96494 2.79938
11.97334 2.82661
11.98160 2.85387
11.98972 2.88116
11.99769 2.90847
12.00552 2.93580
12.01321 2.96316
12.02076 2.99054
12.02816 3.01794
12.03542 3.04536
12.04254 3.07280
12.04952 3.10026
12.05635 3.12774
12.06304 3.15524
12.06959 3.18276
12.07600 3.21029
12.08226 3.23784
12.08839 3.26541
12.09437 3.29299
12.10021 3.32059
12.10590 3.34821
12.11146 3.37583
12.11688 3.40347
12.12215 3.43113
12.12728 3.45879
12.13227 3.48647
12.13712 3.51416
12.14183 3.54185
12.14640 3.56956
12.15082 3.59728
12.15511 3.62500
12.15925 3.65274
12.16326 3.68048
12.16712 3.70822
12.17084 3.73598
12.17442 3.76374
12.17786 3.79150
12.18117 3.81927
12.18433 3.84704
12.18735 3.87482
12.19023 3.90259
12.19297 3.93037
12.19557 3.95816
12.19803 3.98594
12.20035 4.01372
12.20253 4.04150
12.20457 4.06928
12.20648 4.09706
12.20824 4.12484
12.20986 4.15261
12.21135 4.18038
12.21269 4.20815
12.21390 4.23591
12.21496 4.26367
12.21589 4.29142
12.21668 4.31917
12.21733 4.34691
12.21785 4.37464
12.21822 4.40236
12.21845 4.43007
12.21855 4.45778
12.21851 4.48547
12.21833 4.51316
12.21801 4.54083
12.21756 4.56849
12.21697 4.59614
12.21624 4.62378
12.21537 4.65140
12.21436 4.67901
12.21322 4.70661
12.21194 4.73419
12.21052 4.76175
12.20897 4.78930
12.20728 4.81683
12.20545 4.84434
12.20349 4.87184
12.20139 4.89931
12.19915 4.92677
12.19677 4.95421
12.19426 4.98162
12.19162 5.00902
12.18884 5.03639
12.18592 5.06374
12.18287 5.09107
12.17968 5.11837
12.17635 5.14565
12.17289 5.17291
12.16930 5.20014
12.16557 5.22735
12.16170 5.25452
12.15771 5.28168
12.15357 5.30880
12.14930 5.33590
12.14490 5.36296
12.14036 5.39000
12.13569 5.41701
12.13089 5.44398
12.12595 5.47093
12.12087 5.49784
12.11567 5.52473
12.11033 5.55157
12.10486 5.57839
12.09925 5.60517
12.09351 5.63192
12.08764 5.65863
12.08164 5.68530
12.07550 5.71194
12.06923 5.73855
12.06283 5.76511
12.05630 5.79164
12.04963 5.81812
12.04283 5.84457
12.03591 5.87098
12.02885 5.89735
12.02166 5.92367
12.01433 5.94996
12.00688 5.97620
11.99930 6.00240
11.99159 6.02856
11.98374 6.05467
11.97577 6.08074
11.96766 6.10676
11.95943 6.13273
11.95107 6.15866
11.94257 6.18455
11.93395 6.21038
11.92520 6.23617
11.91632 6.26191
11.90731 6.28760
11.89817 6.31323
11.88891 6.33882
11.87951 6.36436
11.86999 6.38984
11.86034 6.41528
11.85057 6.44066
11.84066 6.46599
11.83063 6.49126
11.82047 6.51648
11.81019 6.54164
11.79977 6.56675
11.78923 6.59180
11.77857 6.61679
11.76778 6.64173
11.75686 6.66660
11.74582 6.69142
11.73465 6.71618
11.72336 6.74088
11.71194 6.76552
11.70040 6.79010
11.68873 6.81462
11.67694 6.83907
11.66503 6.86346
11.65299 6.88779
11.64083 6.91205
11.62854 6.93625
11.61613 6.96038
11.60360 6.98445
11.59094 7.00845
11.57816 7.03239
11.56526 7.05626
11.55224 7.08005
11.53910 7.10378
11.52583 7.12744
11.51244 7.15104
11.49894 7.17456
11.48531 7.19800
11.47156 7.22138
11.45769 7.24469
11.44370 7.26792
11.42958 7.29108
11.41535 7.31416
11.40100 7.33717
11.38653 7.36011
11.37195 7.38296
11.35724 7.40575
11.34241 7.42845
11.32747 7.45108
11.31241 7.47363
11.29723 7.49610
11.28193 7.51849
11.26651 7.54080
11.25098 7.56303
11.23533 7.58518
11.21957 7.60725
11.20369 7.62923
11.18769 7.65113
11.17157 7.67295
11.15534 7.69469
11.13900 7.71633
11.12254 7.73790
11.10597 7.75938
11.08928 7.78077
11.07247 7.80207
11.05556 7.82329
11.03853 7.84441
11.02138 7.86545
11.00412 7.88640
10.98675 7.90726
10.96927 7.92803
10.95168 7.94870
10.93397 7.96929
10.91615 7.98978
10.89822 8.01018
10.88018 8.03048
10.86202 8.05069
10.84376 8.07081
10.82538 8.09082
10.80690 8.11075
10.78831 8.13057
10.76960 8.15030
10.75079 8.16993
10.73186 8.18946
10.71283 8.20889
10.69369 8.22822
10.67444 8.24745
10.65509 8.26658
10.63562 8.28561
10.61605 8.30453
10.59637 8.32335
10.57659 8.34207
10.55670 8.36068
10.53670 8.37919
10.51659 8.39759
10.49638 8.41589
10.47607 8.43408
10.45565 8.45216
10.43512 8.47013
10.41449 8.48799
10.39376 8.50575
10.37292 8.52339
10.35198 8.54092
10.33093 8.55834
10.30979 8.57565
10.28853 8.59285
10.26718 8.60993
10.24572 8.62689
10.22417 8.64375
10.20251 8.66048
10.18074 8.67710
10.15888 8.69361
10.13692 8.70999
10.11485 8.72626
10.09269 8.74241
10.07043 8.75844
10.04806 8.77435
10.02560 8.79013
10.00304 8.80580
9.98038 8.82134
9.95762 8.83676
9.93476 8.85206
9.91180 8.86723
9.88875 8.88227
9.86560 8.89719
9.84235 8.91199
9.81900 8.92665
9.79556 8.94119
9.77202 8.95560
9.74839 8.96988
9.72466 8.98402
9.70083 8.99804
9.67691 9.01192
9.65290 9.02568
9.62879 9.03929
9.60458 9.05278
9.58028 9.06613
9.55589 9.07934
9.53141 9.09241
9.50683 9.10535
9.48215 9.11815
9.45739 9.13081
9.43253 9.14333
9.40758 9.15571
9.38254 9.16795
9.35741 9.18005
9.33218 9.19200
9.30686 9.20381
9.28146 9.21547
9.25596 9.22699
9.23037 9.23836
9.20469 9.24959
9.17892 9.26066
9.15306 9.27159
9.12712 9.28236
9.10108 9.29299
9.07495 9.30346
9.04874 9.31378
9.02243 9.32394
8.99604 9.33395
8.96956 9.34380
8.94299 9.35350
8.91633 9.36304
8.88959 9.37242
8.86276 9.38164
8.83584 9.39069
8.80883 9.39959
8.78174 9.40832
8.75456 9.41689
8.72729 9.42529
8.69994 9.43353
8.67250 9.44160
8.64498 9.44950
8.61737 9.45723
8.58967 9.46478
8.56189 9.47217
8.53402 9.47938
8.50607 9.48642
8.47803 9.49328
8.44991 9.49997
8.42170 9.50647
8.39341 9.51280
8.36503 9.51894
8.33657 9.52490
8.30802 9.53068
8.27939 9.53627
8.25067 9.54168
8.22187 9.54690
8.19298 9.55192
8.16401 9.55676
8.13496 9.56140
8.10582 9.56585
8.07659 9.57010
8.04728 9.57416
8.01789 9.57801
7.98841 9.58167
7.95884 9.58512
7.92920 9.58836
7.89946 9.59140
7.86964 9.59423
7.83974 9.59686
7.80975 9.59926
7.77967 9.60146
7.74951 9.60344
7.71926 9.60520
7.68892 9.60674
7.65850 9.60805
7.62799 9.60914
7.59740 9.61001
7.56671 9.61064
7.53594 9.61104
7.50508 9.61121
7.47413 9.61114
7.44309 9.61083
7.41196 9.61027
7.38074 9.60947
7.34943 9.60843
7.31802 9.60713
7.28653 9.60557
7.25494 9.60376
7.22326 9.60169
7.19148 9.59935
7.15960 9.59674
7.12763 9.59386
7.09557 9.59071
7.06340 9.58728
7.03113 9.58356
6.99877 9.57955
6.96630 9.57526
6.93373 9.57066
6.90105 9.56577
6.86827 9.56057
6.83538 9.55506
6.80238 9.54923
6.76926 9.54308
6.73604 9.53660
6.70270 9.52979
6.66924 9.52264
6.63567 9.51514
6.60197 9.50729
6.56815 9.49908
6.53420 9.49050
6.50012 9.48155
6.46591 9.47221
6.43156 9.46248
6.39708 9.45235
6.36244 9.44181
6.32767 9.43084
6.29274 9.41944
6.25765 9.40761
6.22240 9.39531
6.18699 9.38255
6.15141 9.36931
6.11565 9.35557
6.07970 9.34132
6.04356 9.32654
6.00722 9.31122
5.97068 9.29533
5.93392 9.27886
5.89694 9.26179
5.85972 9.24408
5.82225 9.22573
5.78452 9.20669
5.74652 9.18694
5.70822 9.16645
5.66963 9.14518
5.63071 9.12309
5.59144 9.10015
5.55181 9.07629
5.51178 9.05147
5.47133 9.02564
5.43043 8.99871
5.38904 8.97063
5.34711 8.94130
5.30460 8.91063
5.26145 8.87850
5.21760 8.84478
5.17296 8.80932
5.12744 8.77194
5.08093 8.73241
5.03329 8.69047
4.98434 8.64578
4.93386 8.59790
4.88154 8.54628
4.82698 8.49015
4.76961 8.42843
4.70857 8.35952
4.64243 8.28078
4.56857 8.18739
4.48095 8.06825
4.35469 7.87798
4.24481 7.69069
4.12202 7.45061
4.04236 7.27224
3.99228 7.14844
3.95432 7.04733
3.92342 6.95961
3.89728 6.88103
3.87460 6.80919
3.85459 6.74262
3.83671 6.68030
3.82057 6.62151
3.80591 6.56571
3.79249 6.51251
3.78015 6.46157
3.76875 6.41263
3.75819 6.36548
3.74837 6.31994
3.73922 6.27587
3.73067 6.23313
3.72266 6.19162
3.71515 6.15124
3.70810 6.11191
3.70147 6.07355
3.69522 6.03610
3.68933 5.99951
3.68378 5.96371
3.67854 5.92867
3.67358 5.89433
3.66890 5.86067
3.66447 5.82765
3.66027 5.79523
3.65631 5.76339
3.65255 5.73209
3.64900 5.70132
3.64563 5.67105
3.64245 5.64126
3.63943 5.61193
3.63658 5.58304
3.63388 5.55458
3.63133 5.52652
3.62892 5.49885
3.62664 5.47157
3.62449 5.44464
3.62246 5.41807
3.62055 5.39184
3.61875 5.36594
3.61705 5.34036
3.61546 5.31508
3.61397 5.29011
3.61257 5.26542
3.61127 5.24101
3.61005 5.21688
3.60891 5.19302
3.60786 5.16941
3.60688 5.14605
3.60598 5.12293
3.60516 5.10006
3.60440 5.07741
3.60371 5.05499
3.60309 5.03279
3.60253 5.01081
3.60203 4.98903
3.60159 4.96746
3.60121 4.94609
3.60088 4.92491
3.60061 4.90392
3.60039 4.88312
3.60022 4.86250
3.60010 4.84206
3.60003 4.82179
3.60000 4.80169
3.60002 4.78176
3.60008 4.76199
3.60019 4.74238
3.60033 4.72293
3.60052 4.70363
3.60074 4.68449
3.60100 4.66549
3.60130 4.64663
3.60164 4.62792
3.60201 4.60934
3.60241 4.59091
3.60285 4.57260
3.60332 4.55443
3.60382 4.53639
3.60435 4.51848
3.60492 4.50069
3.60551 4.48302
3.60613 4.46547
3.60677 4.44805
3.60745 4.43074
3.60815 4.41354
3.60888 4.39646
3.60963 4.37948
3.61041 4.36262
3.61121 4.34586
3.61203 4.32921
3.61288 4.31266
3.61375 4.29622
3.61464 4.27987
3.61556 4.26363
3.61649 4.24748
3.61745 4.23143
3.61843 4.21547
3.61942 4.19961
3.62044 4.18384
3.62147 4.16816
3.62253 4.15256
3.62360 4.13706
3.62469 4.12164
3.62579 4.10631
3.62692 4.09106
3.62806 4.07590
3.62922 4.06082
3.63039 4.04582
3.63158 4.03089
3.63278 4.01605
3.63400 4.00129
3.63524 3.98660
3.63649 3.97198
3.63775 3.95744
3.63903 3.94298
3.64033 3.92858
3.64163 3.91426
3.64295 3.90001
3.64429 3.88583
3.64563 3.87172
3.64699 3.85767
3.64836 3.84370
3.64975 3.82979
3.65115 3.81594
3.65255 3.80216
3.65397 3.78844
3.65541 3.77479
3.65685 3.76120
3.65830 3.74767
3.65977 3.73420
3.66125 3.72079
3.66273 3.70744
3.66423 3.69415
3.66574 3.68092
3.66726 3.66774
3.66879 3.65463
3.67033 3.64156
3.67188 3.62856
3.67343 3.61560
3.67500 3.60270
3.67658 3.58986
3.67817 3.57707
3.67976 3.56433
3.68137 3.55164
3.68298 3.53900
3.68461 3.52641
3.68624 3.51388
3.68788 3.50139
3.68953 3.48895
3.69118 3.47656
3.69285 3.46422
3.69452 3.45192
3.69620 3.43967
3.69789 3.42747
3.69959 3.41532
3.70130 3.40320
3.70301 3.39114
3.70473 3.37912
3.70646 3.36714
3.70820 3.35520
3.70994 3.34331
3.71169 3.33146
3.71345 3.31965
3.71522 3.30789
3.71699 3.29616
3.71877 3.28448
3.72056 3.27283
3.72235 3.26123
3.72415 3.24966
3.72596 3.23814
3.72778 3.22665
3.72960 3.21520
3.73142 3.20379
3.73326 3.19242
3.73510 3.18108
3.73695 3.16978
3.73880 3.15852
3.74066 3.14729
3.74253 3.13610
3.74440 3.12494
3.74628 3.11382
3.74817 3.10274
3.75006 3.09168
3.75196 3.08067
3.75386 3.06968
3.75577 3.05873
3.75769 3.04781
3.75961 3.03692
3.76154 3.02607
3.76347 3.01525
3.76541 3.00446
3.76736 2.99370
3.76931 2.98297
3.77127 2.97227
3.77323 2.96160
3.77520 2.95097
3.77718 2.94036
3.77916 2.92978
3.78115 2.91923
3.78314 2.90871
3.78514 2.89822
3.78714 2.88776
3.78915 2.87733
3.79116 2.86692
3.79318 2.85654
3.79521 2.84619
3.79724 2.83586
3.79928 2.82557
3.80132 2.81529
3.80337 2.80505
3.80542 2.79483
3.80748 2.78464
3.80954 2.77447
3.81161 2.76433
3.81369 2.75421
3.81577 2.74412
3.81786 2.73405
3.81995 2.72401
3.82204 2.71399
3.82415 2.70399
3.82625 2.69402
3.82837 2.68407
3.83049 2.67414
3.83261 2.66424
3.83474 2.65436
3.83687 2.64451
3.83901 2.63467
3.84116 2.62486
3.84331 2.61507
3.84547 2.60530
3.84763 2.59555
3.84979 2.58582
3.85197 2.57612
3.85414 2.56643
3.85633 2.55677
3.85852 2.54713
3.86071 2.53750
3.86291 2.52790
3.86511 2.51832
3.86732 2.50875
3.86954 2.49921
3.87176 2.48968
3.87399 2.48018
3.87622 2.47069
3.87846 2.46122
3.88070 2.45177
3.88295 2.44234
3.88520 2.43293
3.88746 2.42353
3.88973 2.41415
3.89200 2.40479
3.89427 2.39545
3.89656 2.38613
3.89884 2.37682
3.90114 2.36753
3.90343 2.35825
3.90574 2.34900
3.90805 2.33975
3.91036 2.33053
3.91268 2.32132
3.91501 2.31213
3.91734 2.30295
3.91968 2.29379
3.92203 2.28464
3.92438 2.27551
3.92673 2.26640
3.92909 2.25729
3.93146 2.24821
3.93383 2.23914
3.93621 2.23008
3.93860 2.22104
3.94099 2.21201
3.94339 2.20299
3.94579 2.19399
3.94820 2.18501
3.95061 2.17603
3.95303 2.16707
3.95546 2.15813
3.95790 2.14919
3.96033 2.14027
3.96278 2.13137
3.96523 2.12247
3.96769 2.11359
3.97016 2.10472
3.97263 2.09586
3.97510 2.08702
3.97759 2.07818
3.98008 2.06936
3.98257 2.06055
3.98508 2.05175
3.98759 2.04297
3.99010 2.03419
3.99263 2.02543
3.99515 2.01667
3.99769 2.00793
4.00023 1.99920
4.00278 1.99048
4.00534 1.98177
4.00790 1.97307
4.01047 1.96438
4.01305 1.95570
4.01563 1.94703
4.01822 1.93837
4.02082 1.92972
4.02343 1.92108
4.02604 1.91245
4.02866 1.90382
4.03128 1.89521
4.03392 1.88661
4.03656 1.87801
4.03921 1.86943
4.04186 1.86085
4.04453 1.85228
4.04720 1.84372
4.04987 1.83517
4.05256 1.82663
4.05525 1.81809
4.05795 1.80956
4.06066 1.80104
4.06338 1.79253
4.06610 1.78403
4.06884 1.77553
4.07158 1.76704
4.07433 1.75856
4.07708 1.75008
4.07985 1.74162
4.08262 1.73315
4.08540 1.72470
4.08819 1.71625
4.09099 1.70781
4.09379 1.69938
4.09661 1.69095
4.09943 1.68252
4.10226 1.67411
4.10511 1.66570
4.10795 1.65729
4.11081 1.64889
4.11368 1.64050
4.11656 1.63211
4.11944 1.62373
4.12233 1.61535
4.12524 1.60698
4.12815 1.59861
4.13107 1.59025
4.13400 1.58189
4.13694 1.57354
4.13989 1.56519
4.14285 1.55685
4.14582 1.54851
4.14880 1.54017
4.15179 1.53184
4.15479 1.52351
4.15780 1.51519
4.16082 1.50687
4.16385 1.49856
4.16689 1.49024
4.16994 1.48193
4.17300 1.47363
4.17607 1.46533
4.17915 1.45703
4.18224 1.44873
4.18534 1.44043
4.18846 1.43214
4.19158 1.42386
4.19472 1.41557
4.19786 1.40729
4.20102 1.39900
4.20419 1.39072
4.20737 1.38245
4.21056 1.37417
4.21377 1.36590
4.21698 1.35763
4.22021 1.34936
4.22345 1.34109
4.22670 1.33282
4.22997 1.32455
4.23324 1.31629
4.23653 1.30803
4.23983 1.29976
4.24314 1.29150
4.24647 1.28324
4.24981 1.27498
4.25316 1.26672
4.25653 1.25846
4.25991 1.25020
4.26330 1.24194
4.26670 1.23368
4.27012 1.22542
4.27355 1.21715
4.27700 1.20889
4.28046 1.20063
4.28393 1.19237
4.28742 1.18411
4.29093 1.17584
4.29444 1.16758
4.29798 1.15931
4.30152 1.15104
4.30509 1.14278
4.30866 1.13451
4.31225 1.12623
4.31586 1.11796
4.31949 1.10969
4.32313 1.10141
4.32678 1.09313
4.33045 1.08485
4.33414 1.07656
4.33784 1.06828
4.34156 1.05999
4.34530 1.05170
4.34905 1.04340
4.35282 1.03510
4.35661 1.02680
4.36042 1.01850
4.36424 1.01019
4.36808 1.00188
4.37194 0.99357
4.37582 0.98525
4.37972 0.97693
4.38363 0.96860
4.38756 0.96027
4.39151 0.95193
4.39549 0.94360
4.39948 0.93525
4.40349 0.92690
4.40752 0.91855
4.41157 0.91019
4.41564 0.90183
4.41973 0.89346
4.42384 0.88508
4.42798 0.87670
4.43213 0.86832
4.43631 0.85993
4.44050 0.85153
4.44472 0.84313
4.44896 0.83472
4.45323 0.82630
4.45752 0.81788
4.46183 0.80945
4.46616 0.80101
4.47052 0.79257
4.47490 0.78412
4.47930 0.77566
4.48373 0.76719
4.48819 0.75872
4.49267 0.75024
4.49717 0.74175
4.50171 0.73325
4.50626 0.72474
4.51085 0.71623
4.51546 0.70770
4.52009 0.69917
4.52476 0.69063
4.52945 0.68208
4.53417 0.67352
4.53892 0.66495
4.54370 0.65637
4.54851 0.64778
4.55334 0.63918
4.55821 0.63057
4.56311 0.62195
4.56804 0.61332
4.57300 0.60467
4.57799 0.59602
4.58302 0.58735
4.58807 0.57868
4.59316 0.56999
4.59828 0.56129
4.60344 0.55258
4.60863 0.54385
4.61386 0.53512
4.61912 0.52637
4.62442 0.51760
4.62976 0.50883
4.63513 0.50004
4.64054 0.49123
4.64599 0.48242
4.65148 0.47358
4.65700 0.46474
4.66257 0.45588
4.66818 0.44700
4.67383 0.43811
4.67952 0.42921
4.68525 0.42028
4.69103 0.41135
4.69685 0.40239
4.70271 0.39342
4.70862 0.38444
4.71458 0.37543
4.72058 0.36641
4.72664 0.35737
4.73274 0.34831
4.73889 0.33924
4.74509 0.33014
4.75134 0.32103
4.75764 0.31190
4.76399 0.30275
4.77040 0.29358
4.77687 0.28439
4.78339 0.27518
4.78996 0.26594
4.79660 0.25669
4.80329 0.24742
4.81005 0.23812
4.81686 0.22880
4.82374 0.21946
4.83068 0.21009
4.83768 0.20071
4.84475 0.19129
4.85189 0.18186
4.85910 0.17240
4.86637 0.16291
4.87372 0.15340
4.88114 0.14386
4.88863 0.13430
4.89621 0.12470
4.90385 0.11509
4.91158 0.10544
4.91939 0.09576
4.92728 0.08606
4.93526 0.07633
4.94332 0.06656
4.95147 0.05677
4.95971 0.04694
4.96804 0.03708
4.97647 0.02719
4.98500 0.01727
4.99362 0.00731
5.00235 -0.00268
5.01118 -0.01271
5.02012 -0.02277
5.02916 -0.03287
5.03832 -0.04301
5.04760 -0.05318
5.05699 -0.06340
5.06650 -0.07365
5.07614 -0.08395
5.08591 -0.09428
5.09581 -0.10466
5.10584 -0.11508
5.11602 -0.12555
5.12634 -0.13606
5.13680 -0.14662
5.14742 -0.15723
5.15820 -0.16789
5.16914 -0.17859
5.18024 -0.18935
5.19152 -0.20016
5.20298 -0.21102
5.21462 -0.22194
5.22645 -0.23292
5.23848 -0.24395
5.25071 -0.25505
5.26316 -0.26620
5.27582 -0.27742
5.28872 -0.28871
5.30185 -0.30006
5.31523 -0.31149
5.32886 -0.32298
5.34276 -0.33455
5.35694 -0.34620
5.37141 -0.35792
5.38619 -0.36973
5.40128 -0.38162
5.41670 -0.39360
5.43248 -0.40567
5.44862 -0.41783
5.46514 -0.43009
5.48207 -0.44246
5.49943 -0.45493
5.51724 -0.46752
5.53553 -0.48022
5.55433 -0.49305
5.57367 -0.50600
5.59359 -0.51909
5.61412 -0.53232
5.63530 -0.54570
5.65720 -0.55925
5.67986 -0.57296
5.70334 -0.58685
5.72773 -0.60094
5.75309 -0.61524
5.77952 -0.62976
5.80714 -0.64452
5.83607 -0.65955
5.86648 -0.67488
5.89854 -0.69052
5.93249 -0.70652
5.96862 -0.72294
6.00730 -0.73982
6.04901 -0.75724
6.09440 -0.77530
6.14442 -0.79416
6.20046 -0.81401
6.26480 -0.83521
6.34164 -0.85836
6.44070 -0.88489
6.60174 -0.92047
