%!PS
%%BoundingBox: -1033 -2116 849 2051 
%%HiResBoundingBox: -1032.62207 -2115.02084 848.11754 2050.78284 
%%Creator: MetaPost 2.02
%%CreationDate: 2023.11.19:1336
%%Pages: 1
%%BeginProlog
%%EndProlog
%%Page: 1 1
 0.468 0.532 0.6 setrgbcolor 0 0.5 dtransform truncate idtransform setlinewidth pop
 [] 0 setdash 1 setlinejoin 10 setmiterlimit
newpath 113.3858 28.34645 moveto
113.3858 50.90129 104.42459 72.52965 88.47713 88.47713 curveto
72.52965 104.42459 50.90129 113.3858 28.34645 113.3858 curveto
5.79161 113.3858 -15.83675 104.42459 -31.78423 88.47713 curveto
-47.73169 72.52965 -56.6929 50.90129 -56.6929 28.34645 curveto
-56.6929 5.79161 -47.73169 -15.83675 -31.78423 -31.78423 curveto
-15.83675 -47.73169 5.79161 -56.6929 28.34645 -56.6929 curveto
50.90129 -56.6929 72.52965 -47.73169 88.47713 -31.78423 curveto
104.42459 -15.83675 113.3858 5.79161 113.3858 28.34645 curveto closepath stroke
newpath -56.6929 -85.03935 moveto
-56.6929 -77.52107 -59.67998 -70.31161 -64.99579 -64.99579 curveto
-70.31161 -59.67998 -77.52107 -56.6929 -85.03935 -56.6929 curveto
-92.55763 -56.6929 -99.76709 -59.67998 -105.08292 -64.99579 curveto
-110.39873 -70.31161 -113.3858 -77.52107 -113.3858 -85.03935 curveto
-113.3858 -92.55763 -110.39873 -99.76709 -105.08292 -105.08292 curveto
-99.76709 -110.39873 -92.55763 -113.3858 -85.03935 -113.3858 curveto
-77.52107 -113.3858 -70.31161 -110.39873 -64.99579 -105.08292 curveto
-59.67998 -99.76709 -56.6929 -92.55763 -56.6929 -85.03935 curveto closepath stroke
 0.5 0.5 0 setrgbcolor 1 setlinecap
newpath 847.86754 2050.53284 moveto
-1032.37207 -2114.77084 lineto stroke
newpath 589.01413 188.14299 moveto
-799.40399 -438.61998 lineto stroke
 1 1 0 setrgbcolor
newpath 29.34645 28.34645 moveto
29.34645 28.61168 29.24107 28.86601 29.05354 29.05354 curveto
28.86601 29.24107 28.61168 29.34645 28.34645 29.34645 curveto
28.08122 29.34645 27.82689 29.24107 27.63936 29.05354 curveto
27.45183 28.86601 27.34645 28.61168 27.34645 28.34645 curveto
27.34645 28.08122 27.45183 27.82689 27.63936 27.63936 curveto
27.82689 27.45183 28.08122 27.34645 28.34645 27.34645 curveto
28.61168 27.34645 28.86601 27.45183 29.05354 27.63936 curveto
29.24107 27.82689 29.34645 28.08122 29.34645 28.34645 curveto closepath fill
 0 0 0 setrgbcolor
newpath 29.34645 28.34645 moveto
29.34645 28.61168 29.24107 28.86601 29.05354 29.05354 curveto
28.86601 29.24107 28.61168 29.34645 28.34645 29.34645 curveto
28.08122 29.34645 27.82689 29.24107 27.63936 29.05354 curveto
27.45183 28.86601 27.34645 28.61168 27.34645 28.34645 curveto
27.34645 28.08122 27.45183 27.82689 27.63936 27.63936 curveto
27.82689 27.45183 28.08122 27.34645 28.34645 27.34645 curveto
28.61168 27.34645 28.86601 27.45183 29.05354 27.63936 curveto
29.24107 27.82689 29.34645 28.08122 29.34645 28.34645 curveto closepath stroke
 1 1 0 setrgbcolor
newpath -84.03935 -85.03935 moveto
-84.03935 -84.77412 -84.14473 -84.51979 -84.33226 -84.33226 curveto
-84.51979 -84.14473 -84.77412 -84.03935 -85.03935 -84.03935 curveto
-85.30458 -84.03935 -85.55891 -84.14473 -85.74644 -84.33226 curveto
-85.93398 -84.51979 -86.03935 -84.77412 -86.03935 -85.03935 curveto
-86.03935 -85.30458 -85.93398 -85.55891 -85.74644 -85.74644 curveto
-85.55891 -85.93398 -85.30458 -86.03935 -85.03935 -86.03935 curveto
-84.77412 -86.03935 -84.51979 -85.93398 -84.33226 -85.74644 curveto
-84.14473 -85.55891 -84.03935 -85.30458 -84.03935 -85.03935 curveto closepath fill
 0 0 0 setrgbcolor
newpath -84.03935 -85.03935 moveto
-84.03935 -84.77412 -84.14473 -84.51979 -84.33226 -84.33226 curveto
-84.51979 -84.14473 -84.77412 -84.03935 -85.03935 -84.03935 curveto
-85.30458 -84.03935 -85.55891 -84.14473 -85.74644 -84.33226 curveto
-85.93398 -84.51979 -86.03935 -84.77412 -86.03935 -85.03935 curveto
-86.03935 -85.30458 -85.93398 -85.55891 -85.74644 -85.74644 curveto
-85.55891 -85.93398 -85.30458 -86.03935 -85.03935 -86.03935 curveto
-84.77412 -86.03935 -84.51979 -85.93398 -84.33226 -85.74644 curveto
-84.14473 -85.55891 -84.03935 -85.30458 -84.03935 -85.03935 curveto closepath stroke
showpage
%%EOF
