%!PS
%%BoundingBox: 26 15 144 99 
%%HiResBoundingBox: 26.3517 15.35753 143.727 98.02957 
%%Creator: MetaPost 2.10
%%CreationDate: 2024.05.27:1529
%%Pages: 1
%%BeginProlog
%%EndProlog
%%Page: 1 1
 0 0 0 setrgbcolor 0 0.5 dtransform truncate idtransform setlinewidth pop
 [] 0 setdash 1 setlinejoin 10 setmiterlimit
newpath 141.73225 28.34602 moveto
145.4914 35.8643 143.12198 46.06082 135.14781 56.69247 curveto
127.17451 67.32455 114.24915 77.52065 99.21259 85.03893 curveto
84.17601 92.5572 68.26358 96.78001 54.97446 96.77959 curveto
41.68446 96.78044 32.10559 92.55806 28.34645 85.03978 curveto
24.58731 77.5215 26.95673 67.32498 34.9309 56.69333 curveto
42.90419 46.06125 55.82956 35.86516 70.86613 28.34688 curveto
85.9027 20.8286 101.81512 16.60579 115.10425 16.60622 curveto
128.39424 16.60536 137.97311 20.82774 141.73225 28.34602 curveto closepath stroke
 1 1 1 setrgbcolor
newpath 143.23225 28.34602 moveto
143.23225 28.74387 143.07419 29.12537 142.7929 29.40666 curveto
142.5116 29.68796 142.1301 29.84602 141.73225 29.84602 curveto
141.33441 29.84602 140.95291 29.68796 140.67162 29.40666 curveto
140.39032 29.12537 140.23225 28.74387 140.23225 28.34602 curveto
140.23225 27.94818 140.39032 27.56668 140.67162 27.28539 curveto
140.95291 27.00409 141.33441 26.84602 141.73225 26.84602 curveto
142.1301 26.84602 142.5116 27.00409 142.7929 27.28539 curveto
143.07419 27.56668 143.23225 27.94818 143.23225 28.34602 curveto closepath fill
 0 0 0 setrgbcolor
newpath 143.23225 28.34602 moveto
143.23225 28.74387 143.07419 29.12537 142.7929 29.40666 curveto
142.5116 29.68796 142.1301 29.84602 141.73225 29.84602 curveto
141.33441 29.84602 140.95291 29.68796 140.67162 29.40666 curveto
140.39032 29.12537 140.23225 28.74387 140.23225 28.34602 curveto
140.23225 27.94818 140.39032 27.56668 140.67162 27.28539 curveto
140.95291 27.00409 141.33441 26.84602 141.73225 26.84602 curveto
142.1301 26.84602 142.5116 27.00409 142.7929 27.28539 curveto
143.07419 27.56668 143.23225 27.94818 143.23225 28.34602 curveto closepath stroke
 1 1 1 setrgbcolor
newpath 140.75471 50.38484 moveto
140.75471 50.78268 140.59665 51.16418 140.31535 51.44548 curveto
140.03406 51.72678 139.65256 51.88484 139.25471 51.88484 curveto
138.85687 51.88484 138.47537 51.72678 138.19408 51.44548 curveto
137.91278 51.16418 137.75471 50.78268 137.75471 50.38484 curveto
137.75471 49.987 137.91278 49.6055 138.19408 49.3242 curveto
138.47537 49.04291 138.85687 48.88484 139.25471 48.88484 curveto
139.65256 48.88484 140.03406 49.04291 140.31535 49.3242 curveto
140.59665 49.6055 140.75471 49.987 140.75471 50.38484 curveto closepath fill
 0 0 0 setrgbcolor
newpath 140.75471 50.38484 moveto
140.75471 50.78268 140.59665 51.16418 140.31535 51.44548 curveto
140.03406 51.72678 139.65256 51.88484 139.25471 51.88484 curveto
138.85687 51.88484 138.47537 51.72678 138.19408 51.44548 curveto
137.91278 51.16418 137.75471 50.78268 137.75471 50.38484 curveto
137.75471 49.987 137.91278 49.6055 138.19408 49.3242 curveto
138.47537 49.04291 138.85687 48.88484 139.25471 48.88484 curveto
139.65256 48.88484 140.03406 49.04291 140.31535 49.3242 curveto
140.59665 49.6055 140.75471 49.987 140.75471 50.38484 curveto closepath stroke
 1 1 1 setrgbcolor
newpath 117.55756 74.87787 moveto
117.55756 75.27571 117.39949 75.65721 117.1182 75.9385 curveto
116.8369 76.2198 116.4554 76.37787 116.05756 76.37787 curveto
115.65971 76.37787 115.27821 76.2198 114.99692 75.9385 curveto
114.71562 75.65721 114.55756 75.27571 114.55756 74.87787 curveto
114.55756 74.48003 114.71562 74.09853 114.99692 73.81723 curveto
115.27821 73.53593 115.65971 73.37787 116.05756 73.37787 curveto
116.4554 73.37787 116.8369 73.53593 117.1182 73.81723 curveto
117.39949 74.09853 117.55756 74.48003 117.55756 74.87787 curveto closepath fill
 0 0 0 setrgbcolor
newpath 117.55756 74.87787 moveto
117.55756 75.27571 117.39949 75.65721 117.1182 75.9385 curveto
116.8369 76.2198 116.4554 76.37787 116.05756 76.37787 curveto
115.65971 76.37787 115.27821 76.2198 114.99692 75.9385 curveto
114.71562 75.65721 114.55756 75.27571 114.55756 74.87787 curveto
114.55756 74.48003 114.71562 74.09853 114.99692 73.81723 curveto
115.27821 73.53593 115.65971 73.37787 116.05756 73.37787 curveto
116.4554 73.37787 116.8369 73.53593 117.1182 73.81723 curveto
117.39949 74.09853 117.55756 74.48003 117.55756 74.87787 curveto closepath stroke
 1 1 1 setrgbcolor
newpath 82.46533 92.42181 moveto
82.46533 92.81966 82.30727 93.20116 82.02597 93.48245 curveto
81.74467 93.76375 81.36317 93.92181 80.96533 93.92181 curveto
80.56749 93.92181 80.18599 93.76375 79.9047 93.48245 curveto
79.6234 93.20116 79.46533 92.81966 79.46533 92.42181 curveto
79.46533 92.02397 79.6234 91.64247 79.9047 91.36118 curveto
80.18599 91.07988 80.56749 90.92181 80.96533 90.92181 curveto
81.36317 90.92181 81.74467 91.07988 82.02597 91.36118 curveto
82.30727 91.64247 82.46533 92.02397 82.46533 92.42181 curveto closepath fill
 0 0 0 setrgbcolor
newpath 82.46533 92.42181 moveto
82.46533 92.81966 82.30727 93.20116 82.02597 93.48245 curveto
81.74467 93.76375 81.36317 93.92181 80.96533 93.92181 curveto
80.56749 93.92181 80.18599 93.76375 79.9047 93.48245 curveto
79.6234 93.20116 79.46533 92.81966 79.46533 92.42181 curveto
79.46533 92.02397 79.6234 91.64247 79.9047 91.36118 curveto
80.18599 91.07988 80.56749 90.92181 80.96533 90.92181 curveto
81.36317 90.92181 81.74467 91.07988 82.02597 91.36118 curveto
82.30727 91.64247 82.46533 92.02397 82.46533 92.42181 curveto closepath stroke
 1 1 1 setrgbcolor
newpath 48.95618 96.27957 moveto
48.95618 96.67741 48.79811 97.05891 48.51682 97.34021 curveto
48.23552 97.6215 47.85402 97.77957 47.45618 97.77957 curveto
47.05833 97.77957 46.67683 97.6215 46.39554 97.34021 curveto
46.11424 97.05891 45.95618 96.67741 45.95618 96.27957 curveto
45.95618 95.88173 46.11424 95.50023 46.39554 95.21893 curveto
46.67683 94.93764 47.05833 94.77957 47.45618 94.77957 curveto
47.85402 94.77957 48.23552 94.93764 48.51682 95.21893 curveto
48.79811 95.50023 48.95618 95.88173 48.95618 96.27957 curveto closepath fill
 0 0 0 setrgbcolor
newpath 48.95618 96.27957 moveto
48.95618 96.67741 48.79811 97.05891 48.51682 97.34021 curveto
48.23552 97.6215 47.85402 97.77957 47.45618 97.77957 curveto
47.05833 97.77957 46.67683 97.6215 46.39554 97.34021 curveto
46.11424 97.05891 45.95618 96.67741 45.95618 96.27957 curveto
45.95618 95.88173 46.11424 95.50023 46.39554 95.21893 curveto
46.67683 94.93764 47.05833 94.77957 47.45618 94.77957 curveto
47.85402 94.77957 48.23552 94.93764 48.51682 95.21893 curveto
48.79811 95.50023 48.95618 95.88173 48.95618 96.27957 curveto closepath stroke
 1 1 1 setrgbcolor
newpath 29.84386 85.03459 moveto
29.84386 85.43243 29.68579 85.81393 29.4045 86.09523 curveto
29.1232 86.37653 28.7417 86.53459 28.34386 86.53459 curveto
27.94601 86.53459 27.56451 86.37653 27.28322 86.09523 curveto
27.00192 85.81393 26.84386 85.43243 26.84386 85.03459 curveto
26.84386 84.63675 27.00192 84.25525 27.28322 83.97395 curveto
27.56451 83.69266 27.94601 83.53459 28.34386 83.53459 curveto
28.7417 83.53459 29.1232 83.69266 29.4045 83.97395 curveto
29.68579 84.25525 29.84386 84.63675 29.84386 85.03459 curveto closepath fill
 0 0 0 setrgbcolor
newpath 29.84386 85.03459 moveto
29.84386 85.43243 29.68579 85.81393 29.4045 86.09523 curveto
29.1232 86.37653 28.7417 86.53459 28.34386 86.53459 curveto
27.94601 86.53459 27.56451 86.37653 27.28322 86.09523 curveto
27.00192 85.81393 26.84386 85.43243 26.84386 85.03459 curveto
26.84386 84.63675 27.00192 84.25525 27.28322 83.97395 curveto
27.56451 83.69266 27.94601 83.53459 28.34386 83.53459 curveto
28.7417 83.53459 29.1232 83.69266 29.4045 83.97395 curveto
29.68579 84.25525 29.84386 84.63675 29.84386 85.03459 curveto closepath stroke
 1 1 1 setrgbcolor
newpath 32.3279 62.99316 moveto
32.3279 63.391 32.16983 63.7725 31.88853 64.0538 curveto
31.60724 64.3351 31.22574 64.49316 30.8279 64.49316 curveto
30.43005 64.49316 30.04855 64.3351 29.76726 64.0538 curveto
29.48596 63.7725 29.3279 63.391 29.3279 62.99316 curveto
29.3279 62.59532 29.48596 62.21382 29.76726 61.93253 curveto
30.04855 61.65123 30.43005 61.49316 30.8279 61.49316 curveto
31.22574 61.49316 31.60724 61.65123 31.88853 61.93253 curveto
32.16983 62.21382 32.3279 62.59532 32.3279 62.99316 curveto closepath fill
 0 0 0 setrgbcolor
newpath 32.3279 62.99316 moveto
32.3279 63.391 32.16983 63.7725 31.88853 64.0538 curveto
31.60724 64.3351 31.22574 64.49316 30.8279 64.49316 curveto
30.43005 64.49316 30.04855 64.3351 29.76726 64.0538 curveto
29.48596 63.7725 29.3279 63.391 29.3279 62.99316 curveto
29.3279 62.59532 29.48596 62.21382 29.76726 61.93253 curveto
30.04855 61.65123 30.43005 61.49316 30.8279 61.49316 curveto
31.22574 61.49316 31.60724 61.65123 31.88853 61.93253 curveto
32.16983 62.21382 32.3279 62.59532 32.3279 62.99316 curveto closepath stroke
 1 1 1 setrgbcolor
newpath 55.53067 38.50102 moveto
55.53067 38.89886 55.3726 39.28036 55.09131 39.56166 curveto
54.81001 39.84296 54.42851 40.00102 54.03067 40.00102 curveto
53.63283 40.00102 53.25133 39.84296 52.97003 39.56166 curveto
52.68874 39.28036 52.53067 38.89886 52.53067 38.50102 curveto
52.53067 38.10318 52.68874 37.72168 52.97003 37.44038 curveto
53.25133 37.15909 53.63283 37.00102 54.03067 37.00102 curveto
54.42851 37.00102 54.81001 37.15909 55.09131 37.44038 curveto
55.3726 37.72168 55.53067 38.10318 55.53067 38.50102 curveto closepath fill
 0 0 0 setrgbcolor
newpath 55.53067 38.50102 moveto
55.53067 38.89886 55.3726 39.28036 55.09131 39.56166 curveto
54.81001 39.84296 54.42851 40.00102 54.03067 40.00102 curveto
53.63283 40.00102 53.25133 39.84296 52.97003 39.56166 curveto
52.68874 39.28036 52.53067 38.89886 52.53067 38.50102 curveto
52.53067 38.10318 52.68874 37.72168 52.97003 37.44038 curveto
53.25133 37.15909 53.63283 37.00102 54.03067 37.00102 curveto
54.42851 37.00102 54.81001 37.15909 55.09131 37.44038 curveto
55.3726 37.72168 55.53067 38.10318 55.53067 38.50102 curveto closepath stroke
 1 1 1 setrgbcolor
newpath 90.62419 20.96053 moveto
90.62419 21.35837 90.46613 21.73987 90.18483 22.02116 curveto
89.90353 22.30246 89.52203 22.46053 89.12419 22.46053 curveto
88.72635 22.46053 88.34485 22.30246 88.06355 22.02116 curveto
87.78226 21.73987 87.62419 21.35837 87.62419 20.96053 curveto
87.62419 20.56268 87.78226 20.18118 88.06355 19.89989 curveto
88.34485 19.61859 88.72635 19.46053 89.12419 19.46053 curveto
89.52203 19.46053 89.90353 19.61859 90.18483 19.89989 curveto
90.46613 20.18118 90.62419 20.56268 90.62419 20.96053 curveto closepath fill
 0 0 0 setrgbcolor
newpath 90.62419 20.96053 moveto
90.62419 21.35837 90.46613 21.73987 90.18483 22.02116 curveto
89.90353 22.30246 89.52203 22.46053 89.12419 22.46053 curveto
88.72635 22.46053 88.34485 22.30246 88.06355 22.02116 curveto
87.78226 21.73987 87.62419 21.35837 87.62419 20.96053 curveto
87.62419 20.56268 87.78226 20.18118 88.06355 19.89989 curveto
88.34485 19.61859 88.72635 19.46053 89.12419 19.46053 curveto
89.52203 19.46053 89.90353 19.61859 90.18483 19.89989 curveto
90.46613 20.18118 90.62419 20.56268 90.62419 20.96053 curveto closepath stroke
 1 1 1 setrgbcolor
newpath 124.13162 17.10753 moveto
124.13162 17.50537 123.97356 17.88687 123.69226 18.16817 curveto
123.41096 18.44946 123.02946 18.60753 122.63162 18.60753 curveto
122.23378 18.60753 121.85228 18.44946 121.57098 18.16817 curveto
121.28969 17.88687 121.13162 17.50537 121.13162 17.10753 curveto
121.13162 16.70969 121.28969 16.32819 121.57098 16.04689 curveto
121.85228 15.7656 122.23378 15.60753 122.63162 15.60753 curveto
123.02946 15.60753 123.41096 15.7656 123.69226 16.04689 curveto
123.97356 16.32819 124.13162 16.70969 124.13162 17.10753 curveto closepath fill
 0 0 0 setrgbcolor
newpath 124.13162 17.10753 moveto
124.13162 17.50537 123.97356 17.88687 123.69226 18.16817 curveto
123.41096 18.44946 123.02946 18.60753 122.63162 18.60753 curveto
122.23378 18.60753 121.85228 18.44946 121.57098 18.16817 curveto
121.28969 17.88687 121.13162 17.50537 121.13162 17.10753 curveto
121.13162 16.70969 121.28969 16.32819 121.57098 16.04689 curveto
121.85228 15.7656 122.23378 15.60753 122.63162 15.60753 curveto
123.02946 15.60753 123.41096 15.7656 123.69226 16.04689 curveto
123.97356 16.32819 124.13162 16.70969 124.13162 17.10753 curveto closepath stroke
newpath 141.73225 28.34645 moveto
99.21259 85.03935 lineto
85.03935 56.6929 lineto
 closepath stroke
 1 1 1 setrgbcolor
newpath 143.23225 28.34645 moveto
143.23225 28.7443 143.07419 29.1258 142.7929 29.40709 curveto
142.5116 29.68839 142.1301 29.84645 141.73225 29.84645 curveto
141.33441 29.84645 140.95291 29.68839 140.67162 29.40709 curveto
140.39032 29.1258 140.23225 28.7443 140.23225 28.34645 curveto
140.23225 27.94861 140.39032 27.56711 140.67162 27.28581 curveto
140.95291 27.00452 141.33441 26.84645 141.73225 26.84645 curveto
142.1301 26.84645 142.5116 27.00452 142.7929 27.28581 curveto
143.07419 27.56711 143.23225 27.94861 143.23225 28.34645 curveto closepath fill
 0 0 0 setrgbcolor
newpath 143.23225 28.34645 moveto
143.23225 28.7443 143.07419 29.1258 142.7929 29.40709 curveto
142.5116 29.68839 142.1301 29.84645 141.73225 29.84645 curveto
141.33441 29.84645 140.95291 29.68839 140.67162 29.40709 curveto
140.39032 29.1258 140.23225 28.7443 140.23225 28.34645 curveto
140.23225 27.94861 140.39032 27.56711 140.67162 27.28581 curveto
140.95291 27.00452 141.33441 26.84645 141.73225 26.84645 curveto
142.1301 26.84645 142.5116 27.00452 142.7929 27.28581 curveto
143.07419 27.56711 143.23225 27.94861 143.23225 28.34645 curveto closepath stroke
 1 1 1 setrgbcolor
newpath 130.47557 45.35536 moveto
130.47557 45.7532 130.3175 46.1347 130.03621 46.416 curveto
129.75491 46.6973 129.37341 46.85536 128.97557 46.85536 curveto
128.57773 46.85536 128.19623 46.6973 127.91493 46.416 curveto
127.63364 46.1347 127.47557 45.7532 127.47557 45.35536 curveto
127.47557 44.95752 127.63364 44.57602 127.91493 44.29472 curveto
128.19623 44.01343 128.57773 43.85536 128.97557 43.85536 curveto
129.37341 43.85536 129.75491 44.01343 130.03621 44.29472 curveto
130.3175 44.57602 130.47557 44.95752 130.47557 45.35536 curveto closepath fill
 0 0 0 setrgbcolor
newpath 130.47557 45.35536 moveto
130.47557 45.7532 130.3175 46.1347 130.03621 46.416 curveto
129.75491 46.6973 129.37341 46.85536 128.97557 46.85536 curveto
128.57773 46.85536 128.19623 46.6973 127.91493 46.416 curveto
127.63364 46.1347 127.47557 45.7532 127.47557 45.35536 curveto
127.47557 44.95752 127.63364 44.57602 127.91493 44.29472 curveto
128.19623 44.01343 128.57773 43.85536 128.97557 43.85536 curveto
129.37341 43.85536 129.75491 44.01343 130.03621 44.29472 curveto
130.3175 44.57602 130.47557 44.95752 130.47557 45.35536 curveto closepath stroke
 1 1 1 setrgbcolor
newpath 117.71889 62.36427 moveto
117.71889 62.76212 117.56082 63.14362 117.27953 63.42491 curveto
116.99823 63.7062 116.61673 63.86427 116.21889 63.86427 curveto
115.82104 63.86427 115.43954 63.7062 115.15825 63.42491 curveto
114.87695 63.14362 114.71889 62.76212 114.71889 62.36427 curveto
114.71889 61.96643 114.87695 61.58493 115.15825 61.30363 curveto
115.43954 61.02234 115.82104 60.86427 116.21889 60.86427 curveto
116.61673 60.86427 116.99823 61.02234 117.27953 61.30363 curveto
117.56082 61.58493 117.71889 61.96643 117.71889 62.36427 curveto closepath fill
 0 0 0 setrgbcolor
newpath 117.71889 62.36427 moveto
117.71889 62.76212 117.56082 63.14362 117.27953 63.42491 curveto
116.99823 63.7062 116.61673 63.86427 116.21889 63.86427 curveto
115.82104 63.86427 115.43954 63.7062 115.15825 63.42491 curveto
114.87695 63.14362 114.71889 62.76212 114.71889 62.36427 curveto
114.71889 61.96643 114.87695 61.58493 115.15825 61.30363 curveto
115.43954 61.02234 115.82104 60.86427 116.21889 60.86427 curveto
116.61673 60.86427 116.99823 61.02234 117.27953 61.30363 curveto
117.56082 61.58493 117.71889 61.96643 117.71889 62.36427 curveto closepath stroke
 1 1 1 setrgbcolor
newpath 104.9622 79.37274 moveto
104.9622 79.77058 104.80414 80.15208 104.52284 80.43338 curveto
104.24155 80.71468 103.86005 80.87274 103.4622 80.87274 curveto
103.06436 80.87274 102.68286 80.71468 102.40157 80.43338 curveto
102.12027 80.15208 101.9622 79.77058 101.9622 79.37274 curveto
101.9622 78.9749 102.12027 78.5934 102.40157 78.3121 curveto
102.68286 78.0308 103.06436 77.87274 103.4622 77.87274 curveto
103.86005 77.87274 104.24155 78.0308 104.52284 78.3121 curveto
104.80414 78.5934 104.9622 78.9749 104.9622 79.37274 curveto closepath fill
 0 0 0 setrgbcolor
newpath 104.9622 79.37274 moveto
104.9622 79.77058 104.80414 80.15208 104.52284 80.43338 curveto
104.24155 80.71468 103.86005 80.87274 103.4622 80.87274 curveto
103.06436 80.87274 102.68286 80.71468 102.40157 80.43338 curveto
102.12027 80.15208 101.9622 79.77058 101.9622 79.37274 curveto
101.9622 78.9749 102.12027 78.5934 102.40157 78.3121 curveto
102.68286 78.0308 103.06436 77.87274 103.4622 77.87274 curveto
103.86005 77.87274 104.24155 78.0308 104.52284 78.3121 curveto
104.80414 78.5934 104.9622 78.9749 104.9622 79.37274 curveto closepath stroke
 1 1 1 setrgbcolor
newpath 97.87733 79.36755 moveto
97.87733 79.7654 97.71927 80.1469 97.43797 80.42819 curveto
97.15668 80.70949 96.77518 80.86755 96.37733 80.86755 curveto
95.97949 80.86755 95.59799 80.70949 95.3167 80.42819 curveto
95.0354 80.1469 94.87733 79.7654 94.87733 79.36755 curveto
94.87733 78.96971 95.0354 78.58821 95.3167 78.30692 curveto
95.59799 78.02562 95.97949 77.86755 96.37733 77.86755 curveto
96.77518 77.86755 97.15668 78.02562 97.43797 78.30692 curveto
97.71927 78.58821 97.87733 78.96971 97.87733 79.36755 curveto closepath fill
 0 0 0 setrgbcolor
newpath 97.87733 79.36755 moveto
97.87733 79.7654 97.71927 80.1469 97.43797 80.42819 curveto
97.15668 80.70949 96.77518 80.86755 96.37733 80.86755 curveto
95.97949 80.86755 95.59799 80.70949 95.3167 80.42819 curveto
95.0354 80.1469 94.87733 79.7654 94.87733 79.36755 curveto
94.87733 78.96971 95.0354 78.58821 95.3167 78.30692 curveto
95.59799 78.02562 95.97949 77.86755 96.37733 77.86755 curveto
96.77518 77.86755 97.15668 78.02562 97.43797 78.30692 curveto
97.71927 78.58821 97.87733 78.96971 97.87733 79.36755 curveto closepath stroke
 1 1 1 setrgbcolor
newpath 93.62424 70.86397 moveto
93.62424 71.26181 93.46617 71.64331 93.18488 71.9246 curveto
92.90358 72.2059 92.52208 72.36397 92.12424 72.36397 curveto
91.7264 72.36397 91.3449 72.2059 91.0636 71.9246 curveto
90.7823 71.64331 90.62424 71.26181 90.62424 70.86397 curveto
90.62424 70.46613 90.7823 70.08463 91.0636 69.80333 curveto
91.3449 69.52203 91.7264 69.36397 92.12424 69.36397 curveto
92.52208 69.36397 92.90358 69.52203 93.18488 69.80333 curveto
93.46617 70.08463 93.62424 70.46613 93.62424 70.86397 curveto closepath fill
 0 0 0 setrgbcolor
newpath 93.62424 70.86397 moveto
93.62424 71.26181 93.46617 71.64331 93.18488 71.9246 curveto
92.90358 72.2059 92.52208 72.36397 92.12424 72.36397 curveto
91.7264 72.36397 91.3449 72.2059 91.0636 71.9246 curveto
90.7823 71.64331 90.62424 71.26181 90.62424 70.86397 curveto
90.62424 70.46613 90.7823 70.08463 91.0636 69.80333 curveto
91.3449 69.52203 91.7264 69.36397 92.12424 69.36397 curveto
92.52208 69.36397 92.90358 69.52203 93.18488 69.80333 curveto
93.46617 70.08463 93.62424 70.46613 93.62424 70.86397 curveto closepath stroke
 1 1 1 setrgbcolor
newpath 89.37201 62.35951 moveto
89.37201 62.75735 89.21394 63.13885 88.93265 63.42015 curveto
88.65135 63.70145 88.26985 63.85951 87.87201 63.85951 curveto
87.47417 63.85951 87.09267 63.70145 86.81137 63.42015 curveto
86.53008 63.13885 86.37201 62.75735 86.37201 62.35951 curveto
86.37201 61.96167 86.53008 61.58017 86.81137 61.29887 curveto
87.09267 61.01758 87.47417 60.85951 87.87201 60.85951 curveto
88.26985 60.85951 88.65135 61.01758 88.93265 61.29887 curveto
89.21394 61.58017 89.37201 61.96167 89.37201 62.35951 curveto closepath fill
 0 0 0 setrgbcolor
newpath 89.37201 62.35951 moveto
89.37201 62.75735 89.21394 63.13885 88.93265 63.42015 curveto
88.65135 63.70145 88.26985 63.85951 87.87201 63.85951 curveto
87.47417 63.85951 87.09267 63.70145 86.81137 63.42015 curveto
86.53008 63.13885 86.37201 62.75735 86.37201 62.35951 curveto
86.37201 61.96167 86.53008 61.58017 86.81137 61.29887 curveto
87.09267 61.01758 87.47417 60.85951 87.87201 60.85951 curveto
88.26985 60.85951 88.65135 61.01758 88.93265 61.29887 curveto
89.21394 61.58017 89.37201 61.96167 89.37201 62.35951 curveto closepath stroke
 1 1 1 setrgbcolor
newpath 92.21634 53.85506 moveto
92.21634 54.2529 92.05827 54.6344 91.77698 54.9157 curveto
91.49568 55.19699 91.11418 55.35506 90.71634 55.35506 curveto
90.3185 55.35506 89.937 55.19699 89.6557 54.9157 curveto
89.3744 54.6344 89.21634 54.2529 89.21634 53.85506 curveto
89.21634 53.45721 89.3744 53.07571 89.6557 52.79442 curveto
89.937 52.51312 90.3185 52.35506 90.71634 52.35506 curveto
91.11418 52.35506 91.49568 52.51312 91.77698 52.79442 curveto
92.05827 53.07571 92.21634 53.45721 92.21634 53.85506 curveto closepath fill
 0 0 0 setrgbcolor
newpath 92.21634 53.85506 moveto
92.21634 54.2529 92.05827 54.6344 91.77698 54.9157 curveto
91.49568 55.19699 91.11418 55.35506 90.71634 55.35506 curveto
90.3185 55.35506 89.937 55.19699 89.6557 54.9157 curveto
89.3744 54.6344 89.21634 54.2529 89.21634 53.85506 curveto
89.21634 53.45721 89.3744 53.07571 89.6557 52.79442 curveto
89.937 52.51312 90.3185 52.35506 90.71634 52.35506 curveto
91.11418 52.35506 91.49568 52.51312 91.77698 52.79442 curveto
92.05827 53.07571 92.21634 53.45721 92.21634 53.85506 curveto closepath stroke
 1 1 1 setrgbcolor
newpath 109.22482 45.35017 moveto
109.22482 45.74802 109.06676 46.12952 108.78546 46.41081 curveto
108.50417 46.69211 108.12267 46.85017 107.72482 46.85017 curveto
107.32698 46.85017 106.94548 46.69211 106.66418 46.41081 curveto
106.38289 46.12952 106.22482 45.74802 106.22482 45.35017 curveto
106.22482 44.95233 106.38289 44.57083 106.66418 44.28954 curveto
106.94548 44.00824 107.32698 43.85017 107.72482 43.85017 curveto
108.12267 43.85017 108.50417 44.00824 108.78546 44.28954 curveto
109.06676 44.57083 109.22482 44.95233 109.22482 45.35017 curveto closepath fill
 0 0 0 setrgbcolor
newpath 109.22482 45.35017 moveto
109.22482 45.74802 109.06676 46.12952 108.78546 46.41081 curveto
108.50417 46.69211 108.12267 46.85017 107.72482 46.85017 curveto
107.32698 46.85017 106.94548 46.69211 106.66418 46.41081 curveto
106.38289 46.12952 106.22482 45.74802 106.22482 45.35017 curveto
106.22482 44.95233 106.38289 44.57083 106.66418 44.28954 curveto
106.94548 44.00824 107.32698 43.85017 107.72482 43.85017 curveto
108.12267 43.85017 108.50417 44.00824 108.78546 44.28954 curveto
109.06676 44.57083 109.22482 44.95233 109.22482 45.35017 curveto closepath stroke
 1 1 1 setrgbcolor
newpath 126.23372 36.84572 moveto
126.23372 37.24356 126.07565 37.62506 125.79436 37.90636 curveto
125.51306 38.18765 125.13156 38.34572 124.73372 38.34572 curveto
124.33588 38.34572 123.95438 38.18765 123.67308 37.90636 curveto
123.39178 37.62506 123.23372 37.24356 123.23372 36.84572 curveto
123.23372 36.44788 123.39178 36.06638 123.67308 35.78508 curveto
123.95438 35.50378 124.33588 35.34572 124.73372 35.34572 curveto
125.13156 35.34572 125.51306 35.50378 125.79436 35.78508 curveto
126.07565 36.06638 126.23372 36.44788 126.23372 36.84572 curveto closepath fill
 0 0 0 setrgbcolor
newpath 126.23372 36.84572 moveto
126.23372 37.24356 126.07565 37.62506 125.79436 37.90636 curveto
125.51306 38.18765 125.13156 38.34572 124.73372 38.34572 curveto
124.33588 38.34572 123.95438 38.18765 123.67308 37.90636 curveto
123.39178 37.62506 123.23372 37.24356 123.23372 36.84572 curveto
123.23372 36.44788 123.39178 36.06638 123.67308 35.78508 curveto
123.95438 35.50378 124.33588 35.34572 124.73372 35.34572 curveto
125.13156 35.34572 125.51306 35.50378 125.79436 35.78508 curveto
126.07565 36.06638 126.23372 36.44788 126.23372 36.84572 curveto closepath stroke
 1 1 1 setrgbcolor
newpath 100.71259 85.03806 moveto
100.71259 85.4359 100.55452 85.8174 100.27322 86.0987 curveto
99.99193 86.37999 99.61043 86.53806 99.21259 86.53806 curveto
98.81474 86.53806 98.43324 86.37999 98.15195 86.0987 curveto
97.87065 85.8174 97.71259 85.4359 97.71259 85.03806 curveto
97.71259 84.64021 97.87065 84.25871 98.15195 83.97742 curveto
98.43324 83.69612 98.81474 83.53806 99.21259 83.53806 curveto
99.61043 83.53806 99.99193 83.69612 100.27322 83.97742 curveto
100.55452 84.25871 100.71259 84.64021 100.71259 85.03806 curveto closepath fill
 0 0 0 setrgbcolor
newpath 100.71259 85.03806 moveto
100.71259 85.4359 100.55452 85.8174 100.27322 86.0987 curveto
99.99193 86.37999 99.61043 86.53806 99.21259 86.53806 curveto
98.81474 86.53806 98.43324 86.37999 98.15195 86.0987 curveto
97.87065 85.8174 97.71259 85.4359 97.71259 85.03806 curveto
97.71259 84.64021 97.87065 84.25871 98.15195 83.97742 curveto
98.43324 83.69612 98.81474 83.53806 99.21259 83.53806 curveto
99.61043 83.53806 99.99193 83.69612 100.27322 83.97742 curveto
100.55452 84.25871 100.71259 84.64021 100.71259 85.03806 curveto closepath stroke
showpage
%%EOF
